0





























1





























                                                                                      999

















                                                                                                0 
                                                                                             1
                                                                           2

            

























































































10








